MERCURY
L 252.250906 +149472.6746358 -0.00000536 +0.000000002
i 7.004986 -0.0059516 +0.00000080 +0.000000043
Omega 48.330893 -0.1254227 -0.00008833 -0.000000200
pi 77.456119 +0.1588643 -0.00001342 -0.000000007
a 0.387098310
e 0.20563175 0.000020407 -0.0000000283 -0.00000000018

VENUS
L 181.979801 +58517.8156760 +0.00000165 -0.000000002
i 3.394662 -0.0008568 -0.00003244 +0.000000009
Omega 76.679920 -0.2780134 -0.00014257 -0.000000164
pi 131.563703 +0.0048746 -0.00138467 -0.000005695
a 0.723329820
e 0.00677192 -0.000047765 0.0000000981 0.00000000046

EARTH
L 100.466457 +35999.3728565 -0.00000568 -0.000000001
i 0 +0.0130548 -0.00000931 -0.000000034
Omega 174.373176 -0.2410908 +0.00004262 +0.000000001
pi 102.937348 +0.3225654 +0.00014799 -0.000000039
a 1.000001018
e 0.01670863 -0.000042037 -0.0000001267 0.00000000014

MARS
L 355.433000 +19140.2993039 +0.00000262 -0.000000003
i 1.849726 -0.0081477 -0.00002255 -0.000000029
Omega 49.553093 0.2950250 -0.00064048 -0.000001964
pi 336.060234 +0.443 49016 -0.00017313 0.000000518
a 1.523679342
e 0.09340065 0.000090484 -0.0000000806 -0.00000000025

JUPITER
L 34.351519 +3034.9056606 -0.00008501 +0.000000016
i 1.303267 -0.0019877 +0.00003320 +0.000000097
Omega 100.464407 +0.1767232 +0.00090700 +0.000007272
pi 14.331207 +0.2155209 +0.00072211 -0.000004485
a 5.202603209 0.0000001913
e 0.04849793 0.000163225 -0.0000004714 -0.00000000201

SATURN
L 50.077444 +1222.1138488 +0.00021004 -0.000000046
i 2.4881879 +0.0025514 -0.00004906 +0.000000017
Omega 113.665503 -0.2566722 -0.00018399 +0.000000480
pi 93.057237 +0.5665415 +0.00052850 +0.000004912
a 9.554909192 -0.0000021390 0.000000004
e 0.05554814 -0.000346641 -0.0000006436 0.00000000340

URANUS
L 314.055005 +428.4669983 -0.00000486 +0.000000006
i 0.773197 -0.0016869 +0.00000349 +0.000000016
Omega 74.005957 +0.0741431 +0.00040539 +0.000000119
pi 173.005291 +0.0893212 -0.00009470 +0.000000414
a 19.218446062 -0.0000000372 0.00000000098
e 0.04638122 -0.000027293 0.0000000789 0.00000000024

NEPTUNE
L 304.348665 +218.4862002 +0.00000059 -0.000000002
i 1.769953 +0.0002256 +0.00000023 -0.000000000
Omega 131.784057 -0.0061651 -0.00000219 -0.000000078
pi 48.120276 +0.0291866 +0.00007610 +0.000000000
a 30.110386869 -0.0000001663 0.00000000069
e 0.00945557 0.000006033 0.0 -0.00000000005

PLUTO
a 39.48686035 0.00449751
e 0.24885238 0.00006016
i 17.14104260 0.00000501
L 238.96535011 145.18042903
pi 224.09702598 -0.00968827
Omega 110.30167986 -0.00809981
